GUID = {C035C09D-4974-4AC8-94B3-AF2150058F3D}0 -1.#IND 0
0 -1.#IND 0
0 0.920797 4
0 0.904988 3
0 1 1
0 0.997185 2
0 0.926627 2
0 -1.#IND 0
0 0.972644 2
0 -1.#IND 0
0 0.879719 2
0 0.960263 3
0 1 1
0 1 1
0 0.959482 3
0 -1.#IND 0
0 1 1
0 0.957386 4
0 0.953851 5
0 0.981875 4
0 0.984073 3
0 0.964007 2
0 0.924029 2
0 1 1
0 0.946876 3
0 1 1
0 0.974875 2
0 1 1
0 1 1
0 0.964376 2
0 -1.#IND 0
0 0.998803 2
0 1 1
0 -1.#IND 0
0 0.962157 3
0 0.825103 2
0 -1.#IND 0
0 0.936676 6
0 1 1
0 0.963265 3
0 -1.#IND 0
0 0.719286 2
0 0.932301 3
0 1 1
0 0.988786 2
0 1 1
0 0.986952 2
0 1 1
0 -1.#IND 0
0 -1.#IND 0
0 0.90971 4
0 0.847417 5
0 -1.#IND 0
0 1 1
0 0.895137 3
0 1 1
0 0.952221 6
0 0.902881 4
0 0.986235 2
0 0.929344 3
0 0.96 2
0 0.967115 3
0 1 1
0 0.94138 4
0 0.985478 2
0 0.982856 2
0 0.95078 4
0 0.900721 2
0 -1.#IND 0
0 0.976766 3
0 0.99998 2
0 0.922756 4
0 0.999218 2
0 0.722004 2
0 -1.#IND 0
0 -1.#IND 0
0 1 1
0 0.987458 4
0 1 1
0 -1.#IND 0
0 0.954766 2
0 0.981972 3
0 1 1
0 -1.#IND 0
0 0.918525 5
0 -1.#IND 0
0 0.992422 2
0 0.956443 3
0 0.9254 5
0 0.870054 3
0 1 1
0 0.901519 4
0 1 1
0 0.970506 4
0 1 1
0 1 1
0 1 1
0 1 1
0 1 1
0 0.947984 4
